Name,Email,Description,Company,Position,Industry
John Smith,john.smith@example.com,Interested in our Q4 product roadmap,Acme Corp,CTO,Technology
Jane Doe,jane.doe@company.com,Potential client for consulting services,TechStart Inc,CEO,Startup
Mike Johnson,mike.j@bigcorp.com,Follow-up on partnership discussion,BigCorp Ltd,VP Sales,Manufacturing
Sarah Wilson,sarah.wilson@email.com,Conference contact from TechSummit 2024,InnovateCo,Marketing Director,Marketing
David Brown,david.brown@startup.io,Investor interested in our Series A,StartupVentures,Partner,Investment
